320.1694229423225
320.06002718783094
320.1191301810867
319.8484284370519
319.92550973200395
319.8626122786725
319.9628362538294
320.2227161970414
320.1504100852546
320.0661521299581
320.03604206939946
319.92475434048345
320.1424787750519
320.16776974643165
319.8579247446234
320.2903950872545
320.1761386615788
319.89015477727526
319.923096239039
319.9986717362718
320.05882100113337
319.7934395268213
319.8154545263343
319.99167924055865
319.825153130549
319.9316332354905
319.9972449505606
320.0607067920723
320.1181706879422
320.1138665002576
319.88890072825046
320.0746803432787
319.93799225324125
320.0692484008587
319.87718743878827
319.95656277113466
320.0758361266739
319.9608025635302
320.021770532542
319.872243217864
319.9660721294557
319.89876928655065
319.9472094523905
320.2179887386702
319.8848375428273
319.94492214966755
319.916023587335
320.08631735404606
320.1079748451298
319.80562254448927
320.2151124236585
319.93442597423734
319.994801624719
319.89687311641944
319.79632375661913
320.08509755325974
320.0206585341252
320.0668220362608
320.06103794722634
320.09156889748675
320.0410935191739
319.91303594817106
319.9917950556825
320.0371258815616
319.94934626466625
320.06721051069985
319.78264826482706
320.08147860754116
319.8160226699358
320.11322938494334
319.9621587420965
319.88398393300963
319.99427987677745
319.9900821832061
319.8250789604244
320.09522360321364
319.9214388610084
319.95447055826963
320.0365883888497
320.1958512746277
319.92765237670005
320.15077376573123
320.1141062335867
319.9349263785236
319.91421218507537
320.0061433689966
320.0488931666047
320.07539067849615
319.9294670133157
320.0116798475597
319.82445146309436
320.0330518317149
320.0115597503123
320.00446981431077
319.9243608707157
320.20497724862076
319.8763766732666
319.92772602671766
319.9502465339345
319.9382427892044
