321.57507242612627
319.38327480514045
319.15868318736034
319.96783941338543
319.2607086075993
321.399728754951
318.5122725093459
321.2997105984946
320.3319060908254
321.7993906968624
318.52253569211433
320.0057827212215
321.2399845283372
318.0374289794704
318.57992379768285
319.3410477787853
320.06053583741397
319.2567329530409
318.7860714807285
320.09831187355155
320.63835950533723
321.94194324933625
322.455983764139
319.29936344282766
320.10547942994947
319.81657030253126
320.1205216916479
321.14072025347144
319.93424666630796
320.03134214107894
318.48753775100937
319.37000405869026
318.7366931761364
320.48923978482463
320.2790981963644
320.09976493136423
320.86048811392857
317.9860277108335
321.1191723024864
320.7120635542475
321.4745210485495
319.3619895321251
319.82577819983237
322.0096606658144
319.88505519486756
322.3342032487122
319.86115363673133
321.77102900353043
321.7607857161143
319.0011819708633
316.098521234449
319.12107704551516
322.58129558639064
320.91133636429265
321.414906641424
319.06801730715847
321.14481521684354
319.6789351405556
320.15624076202215
319.49483588269396
322.677830805806
319.08731553044277
321.0009860247335
320.22254925078175
321.4058895354651
317.8448310947054
321.3959768872555
319.7065154587629
320.1839098834162
320.3868779642929
320.58356064875454
318.0663692657137
320.9791472234467
319.7046069766433
319.54592919026993
319.3955767571158
322.2147996342809
321.02895715570276
320.8552117633918
319.65578503781586
320.8392293913495
318.90588900326645
318.3281707696901
318.1230015818961
320.88558743079017
319.969575398819
321.3687700500519
320.0027532926921
320.7347538290908
322.07166003791593
321.27997297826477
318.9000528573731
319.85796376558704
319.97661434572547
321.23135087235784
321.14410442834935
318.50004444419335
320.8315927744774
319.05876397616646
317.93589880894285
