320.59508222975023
319.2684637303687
320.56911510441245
319.58187687097956
320.0851517271436
320.2454360908853
320.2886058061946
319.8790397019505
320.0504219330787
319.92863774019696
319.2934854297735
320.22266851400957
320.39524986454
320.44200844325803
319.7453741097603
319.45419051331436
320.6535698970733
320.3908936486855
319.91072184179677
320.21280939124574
320.4035486122683
320.0054902071623
320.21352114344495
319.25380893025584
320.16718520361553
319.76836022405354
320.32072015145724
320.07303594784145
320.13857485809206
320.0405858418895
320.3316716688688
319.74524640288087
320.2058810542286
319.80005974358573
319.8138232671525
320.3161179716917
319.04908107788054
320.1133460624669
319.8262165195481
319.9943702090012
320.4418697628914
319.56323690916315
319.62437138080094
320.371220975977
319.90091896266944
319.8954472433527
319.77965180823355
319.8038558622146
319.5766978662925
320.28379267243974
320.0182782272932
319.62205988928554
320.6071445342153
320.3612141826686
320.34201543277635
319.6845421505099
320.75294477812326
320.1372951779792
320.19086915617146
319.53411119717344
320.30050994767754
319.73986982683124
319.51738302340806
320.23986793481174
319.2945329681321
320.218024988034
319.4595854813495
320.62057941738084
320.0077025488714
320.5305223570946
320.6922562083585
319.88095739058025
319.834866558982
320.31571119019935
320.2872323409243
320.62716354641077
320.13042685511743
320.717408218232
320.4947081564501
320.3823596921837
320.2148845741477
320.15027701821356
320.01703500152166
319.7933693323813
319.87002301094446
320.380524825664
319.9704633487188
320.1528914497261
319.73256124095525
320.82261082786334
320.1517201147372
319.64572727252545
319.65691833372955
319.6801573209723
319.87876411402664
319.9868159321842
320.4961894744546
319.59161411349265
320.28487574461985
320.0019607973494
