317.56953187523504
320.71950988276285
314.89496731378443
320.79952714434853
320.5037821552283
323.34045613205285
320.52937343903744
316.95012838591873
316.5820753141924
317.64783518095555
320.6560501377966
317.51337785993144
320.51906875934986
325.613628000928
321.2885669203939
324.75588318480357
320.3474772895451
322.7974823134244
318.31014102761543
321.2955553636713
323.3254391284609
321.83255133776794
316.25327172547856
313.9313527285345
319.96366882994806
318.9753069556331
317.24221014295654
323.0139621029096
320.5312394742526
317.20597923049854
321.42960716442815
317.0802419351936
315.03177381142854
316.1572102709535
322.2897849781605
319.86783776489364
320.2376888324681
320.5865723302641
320.50924340915816
317.34606296848875
319.6488005247874
318.1411710098957
320.53583485696345
323.82025111997314
323.3578802378743
321.2519471022696
316.4619989510251
323.12995110517346
315.72916270709504
314.72890129336895
318.6785183985584
321.0592004651889
316.6476464024863
317.6156902274345
322.6098990364231
314.6248037697096
312.1697127348944
320.22355694863325
321.42982662916097
315.20080818160375
313.1675452249146
317.0798315510428
312.83513479576493
324.4045545596906
313.14316022015475
320.85617046090886
312.43526409166174
315.9223696121293
319.0107174837805
320.2116532213227
321.5690917367984
317.0823105575467
319.43278964204865
322.427884461773
320.2740187595498
320.35841720798703
319.84919249738005
322.54732321324286
322.3891731988433
320.4765331892035
321.0262346383687
322.1815719102741
325.556216459805
317.6578292760974
319.6831373777029
315.61978703411114
311.8297160648144
322.2346164662047
319.3521468454757
313.34072227166547
322.228966793797
324.4163173003848
318.7630075058198
319.06071911374136
321.5950945447309
317.9432292634976
314.39956713438886
321.87929306496636
325.96642094889717
321.61435849039617
