320.0095850513763
320.01102516618045
320.004801706615
319.9709352741024
320.01204303239996
320.06871654505346
320.060113393911
319.99905291001056
319.9975794377272
320.0138876721213
319.98139578220815
319.96164269874
320.00318628394996
320.02754944306525
320.0345297502107
319.9792889131766
320.0012849043835
320.00727260297907
319.99207006940134
320.01166512084825
319.9934313861826
319.96887468602847
320.0301190985605
320.0214455572989
320.0302379519269
319.9551974360778
319.98115124831276
320.02930237126725
319.9737652955771
319.97159234078316
320.066673759393
320.01234857559086
319.99848235547586
319.91215915663594
320.0684675639536
319.91991203074497
319.9918565260578
319.99876061015374
319.9294053028775
320.0148855342375
320.0041900275261
319.9775487045872
320.0272410051321
319.93837087481324
320.0244613010516
319.9309787347768
319.9925135430691
319.98622481315664
320.03146317597464
320.0193299449743
319.9598495905276
319.9946556012459
320.0252675553609
319.9676886394756
319.9882179580558
320.06447796184585
319.9909487558098
319.9722337447
319.96889191693117
320.00084380876336
320.02998700767967
320.0519783142503
319.96112357402086
319.97778614999174
320.0022632533519
320.01255397345534
320.01155842563264
319.99199590560175
319.99936456959284
319.9802523495783
319.963005714798
319.9913909887645
319.9921239140599
320.0156018355339
320.0025784700037
320.0230669330353
319.97908244905216
320.02260421329504
320.0555885961301
319.99795177382276
320.0369994657733
319.9803518280835
320.0171476665011
319.9899967077884
320.03081993042747
319.943864544827
320.01494178827994
320.0312857543998
319.9785986110961
319.93963653408923
319.98754743333427
319.9993711088856
319.9466731914805
320.05812750320626
319.98825622209324
319.9626953629531
320.0755421327952
320.0056764486551
319.9695249703538
319.9621148848818
